1011000111110011010010000010010000101011
0110001111100110100100000100100001010111
1100011111001101001000001001000010101110
1000111110011010010000010010000101011101
0001111100110100100000100100001010111011
0011111001101001000001001000010101110110
0111110011010010000010010000101011101100
1111100110100100000100100001010111011000
1111001101001000001001000010101110110001
1110011010010000010010000101011101100011
1100110100100000100100001010111011000111
1001101001000001001000010101110110001111
0011010010000010010000101011101100011111
0110100100000100100001010111011000111110
1101001000001001000010101110110001111100
1010010000010010000101011101100011111001
0100100000100100001010111011000111110011
1001000001001000010101110110001111100110
0010000010010000101011101100011111001101
0100000100100001010111011000111110011010
1000001001000010101110110001111100110100
0000010010000101011101100011111001101001
0000100100001010111011000111110011010010
0001001000010101110110001111100110100100
0010010000101011101100011111001101001000
0100100001010111011000111110011010010000
1001000010101110110001111100110100100000
0010000101011101100011111001101001000001
0100001010111011000111110011010010000010
1000010101110110001111100110100100000100
0000101011101100011111001101001000001001
0001010111011000111110011010010000010010
0010101110110001111100110100100000100100
0101011101100011111001101001000001001000
1010111011000111110011010010000010010000
0101110110001111100110100100000100100001
1011101100011111001101001000001001000010
0111011000111110011010010000010010000101
1110110001111100110100100000100100001010
1101100011111001101001000001001000010101
